1	0.5	67	87	94	100	112	115	120	185	202	207	241	292	297	328	337	358	392	422	438	502	569	571	581	593	596	616	650	654	676	684	695	702	770	813	817	822	833	837	839	840	895	923	960	978	989	993	997	
2	0.5	13	14	44	143	149	153	216	324	331	334	353	359	375	439	441	444	450	454	459	518	538	546	565	637	644	673	689	729	753	802	816	848	883	897	904	910	914	929	949	950	954	957	969	970	990	995	1000	
3	0.5	35	45	106	141	162	164	168	172	230	242	243	257	293	294	298	345	383	389	399	416	428	464	470	475	519	535	537	567	578	649	666	709	721	763	766	906	948	956	963	967	975	
4	0.5	4	16	63	103	111	136	158	184	201	238	263	272	284	288	320	360	361	432	460	542	579	585	595	599	603	613	653	662	671	694	707	742	789	791	809	815	861	886	898	916	932	943	962	977	992	
5	0.5	3	36	50	51	109	110	152	227	234	325	367	387	397	423	512	515	528	564	566	655	669	754	759	768	798	811	832	849	864	893	899	927	931	936	945	955	964	965	966	
6	0.5	1	23	62	64	93	135	138	194	199	222	246	252	266	271	302	322	384	433	437	473	476	505	506	513	550	575	602	610	638	660	685	705	718	733	745	760	767	774	819	821	830	863	867	890	901	903	912	953	976	985	
7	0.5	5	39	71	83	116	142	181	186	205	212	231	270	283	295	303	304	318	332	339	341	349	364	386	420	436	440	480	493	588	591	598	651	675	734	752	786	794	800	804	866	873	874	909	922	933	968	972	999	
8	0.5	878	925	944	958	980	982	983	991	
9	0.5	9	20	26	82	107	129	170	176	253	254	268	285	301	307	336	344	382	516	527	545	560	580	582	590	664	668	678	698	755	773	783	797	799	818	829	877	884	888	902	915	926	974	981	
10	0.5	27	29	59	148	161	174	192	195	259	264	282	312	335	377	498	556	563	572	641	714	728	731	748	761	771	823	826	827	836	844	865	880	881	882	905	919	930	937	938	
11	0.5	6	33	42	46	159	160	214	244	260	261	281	305	317	462	477	484	488	543	555	601	687	715	730	758	828	852	892	894	
12	0.5	31	34	65	70	128	187	189	213	219	265	273	319	338	348	352	356	362	395	402	446	453	455	457	514	525	539	541	570	586	622	629	633	648	652	697	704	737	765	772	775	805	900	917	920	924	986	996	
13	0.5	49	60	130	163	167	198	206	221	225	248	269	308	371	372	405	412	426	452	492	507	524	597	618	635	636	657	700	722	723	746	792	820	854	856	857	928	935	946	951	973	
14	0.5	8	80	88	119	126	144	169	306	346	354	380	411	461	481	482	499	558	577	587	607	646	667	682	693	727	747	782	785	841	843	853	868	908	934	941	952	961	971	
15	0.5	876	889	911	940	942	947	959	979	984	987	988	994	998	
16	0.5	19	43	72	137	139	179	188	275	280	300	310	347	366	394	396	400	415	419	435	456	463	483	540	574	659	711	743	769	779	846	859	913	918	939	
17	0.5	15	28	55	91	96	117	122	156	208	290	340	374	406	409	421	443	445	448	472	487	489	509	530	562	621	634	640	670	680	703	708	756	807	855	921	
18	0.5	10	17	18	54	69	140	150	151	155	229	237	289	365	385	434	449	474	496	508	511	533	547	551	583	608	617	781	795	808	834	850	885	907	
19	0.5	52	57	66	74	132	145	209	232	247	251	256	274	311	393	424	479	504	658	677	679	688	712	751	762	764	847	858	879	887	896	
20	0.5	24	58	76	105	108	123	133	146	211	240	250	258	342	357	376	451	485	494	521	544	557	592	612	683	726	741	744	862	872	
21	0.5	38	81	90	196	217	235	239	267	321	401	429	430	468	500	561	584	605	606	609	710	732	750	788	838	875	891	
22	0.5	77	84	182	204	210	218	277	313	378	381	407	431	447	469	536	548	549	576	632	642	647	686	696	735	777	831	871	
23	0.5	11	21	22	56	173	178	191	193	197	215	226	249	326	327	343	369	391	410	414	442	510	614	699	803	
24	0.5	2	40	104	127	157	166	177	190	200	224	299	373	425	465	471	497	522	523	627	643	656	674	701	806	
25	0.5	12	25	32	85	101	113	124	223	233	323	355	390	520	554	639	663	690	692	724	736	749	780	784	812	825	
26	0.5	41	68	79	102	125	180	279	286	309	329	379	403	427	458	486	529	532	600	620	623	681	717	778	790	845	
27	0.5	37	78	118	183	236	296	368	413	495	517	534	559	573	604	615	619	691	706	739	801	810	814	851	
28	0.5	48	75	86	92	97	98	165	276	350	351	388	408	466	490	491	503	611	661	672	716	720	757	776	
29	0.5	0	53	61	73	95	99	121	131	203	262	315	330	363	418	478	501	526	531	552	553	568	594	624	625	626	630	645	665	719	740	793	796	824	835	869	
30	0.5	7	30	47	89	114	134	147	154	171	175	220	228	245	255	278	287	291	314	316	333	370	398	404	417	467	589	628	631	713	725	738	787	842	860	870	
