1	0.5	363	793	998
2	0.5	587	785	908	971
3	0.5	230	294	967
4	0.5	188	355	394	456	540	736
5	0.5	64	513	774	985
6	0.5	264	771	919
7	0.5	454	538	995
8	0.5	337	569	923
9	0.5	218	632	696
10	0.5	445	621	703
11	0.5	111	184	201	595	653	694	977	992
12	0.5	240	357	592	683
13	0.5	99	501	568	959	988
14	0.5	570	839	996
15	0.5	94	202	593	664	888	978	993	997
16	0.5	314	417	644	910	958	983
17	0.5	552	624	625	823	987
18	0.5	60	130	248	329	946
19	0.5	362	525	629	986
20	0.5	120	500	875
21	0.5	551	795	834
22	0.5	477	868	941
23	0.5	61	609	732	889	911	984
24	0.5	301	773	818	829	902
25	0.5	383	475	766	975
26	0.5	134	744	862
27	0.5	330	537	672	948	956	994
28	0.5	142	440	752	909	968	999
29	0.5	358	438	643	989
30	0.5	688	847	896
31	0.5	13	949	969
32	0.5	594	693	942	961
33	0.5	62	135	271	602	976
34	0.5	237	808	885
35	0.5	183	706	814
36	0.5	287	860	991
37	0.5	526	754	796	798	876	883	914
38	0.5	175	589	925	980
39	0.5	153	957	990
40	0.5	170	254	877	981
41	0.5	630	869	979
42	0.5	286	737	924
43	0.5	469	536	648	765
44	0.5	566	955	966
45	0.5	344	382	974
46	0.5	371	635	722	856	950
47	0.5	411	853	934
48	0.5	166	523	656
49	0.5	727	747	835	843
50	0.5	826	880	881	937
51	0.5	160	555	730
52	0.5	334	904	929
53	0.5	28	562	640
54	0.5	565	753	848	954
55	0.5	50	511	964	965
56	0.5	668	797	926
57	0.5	563	654	930
58	0.5	746	781	907	951
59	0.5	87	840	960
60	0.5	373	471	806
61	0.5	279	309	778	845
62	0.5	187	455	539	917
63	0.5	274	658	858
64	0.5	231	310	711	846
65	0.5	392	676	895
66	0.5	406	631	870
67	0.5	96	489	756
1	0.5	363	793	998
2	0.5	587	785	908	971
3	0.5	230	294	967
4	0.5	188	355	394	456	540	736
5	0.5	64	513	774	985
6	0.5	264	771	919
7	0.5	454	538	995
8	0.5	337	569	923
9	0.5	218	632	696
10	0.5	445	621	703
11	0.5	111	184	201	595	653	694	977	992
12	0.5	240	357	592	683
13	0.5	99	501	568	959	988
14	0.5	570	839	996
15	0.5	94	202	593	664	888	978	993	997
16	0.5	314	417	644	910	958	983
17	0.5	552	624	625	823	987
18	0.5	60	130	248	329	946
19	0.5	362	525	629	986
20	0.5	120	500	875
21	0.5	551	795	834
22	0.5	477	868	941
23	0.5	61	609	732	889	911	984
24	0.5	301	773	818	829	902
25	0.5	383	475	766	975
26	0.5	134	744	862
27	0.5	330	537	672	948	956	994
28	0.5	142	440	752	909	968	999
29	0.5	358	438	643	989
30	0.5	688	847	896
31	0.5	13	949	969
32	0.5	594	693	942	961
33	0.5	62	135	271	602	976
34	0.5	237	808	885
35	0.5	183	706	814
36	0.5	287	860	991
37	0.5	526	754	796	798	876	883	914
38	0.5	175	589	925	980
39	0.5	153	957	990
40	0.5	170	254	877	981
41	0.5	630	869	979
42	0.5	286	737	924
43	0.5	469	536	648	765
44	0.5	566	955	966
45	0.5	344	382	974
46	0.5	371	635	722	856	950
47	0.5	411	853	934
48	0.5	166	523	656
49	0.5	727	747	835	843
50	0.5	826	880	881	937
51	0.5	160	555	730
52	0.5	334	904	929
53	0.5	28	562	640
54	0.5	565	753	848	954
55	0.5	50	511	964	965
56	0.5	668	797	926
57	0.5	563	654	930
58	0.5	746	781	907	951
59	0.5	87	840	960
60	0.5	373	471	806
61	0.5	279	309	778	845
62	0.5	187	455	539	917
63	0.5	274	658	858
64	0.5	231	310	711	846
65	0.5	392	676	895
66	0.5	406	631	870
67	0.5	96	489	756
1	0.5	4	180	269	340	385	492	983
2	0.5	38	141	211	282	435	479	590	784	959
3	0.5	115	185	294	302	303	317	338	439	928	962
4	0.5	82	109	230	331	363	587	650	733	792	798	802	869	870	917
5	0.5	70	204	348	419	597	674	751	863	904
6	0.5	30	212	347	401	696	736
7	0.5	33	69	127	218	337	452	456	513	540	569	632	803	895	973
8	0.5	47	186	318	351	355	394	445	524	585	621	628	703	764	771	774	912	919
9	0.5	64	188	264	272	361	454	538	647	651	915	991
10	0.5	86	93	336	570	592	701	811	831	835	918
11	0.5	22	99	111	327	437	501	568	580	615	653	675	815	838	891	953	990
12	0.5	66	92	184	291	391	421	595	649	694	967	989
13	0.5	114	201	206	240	296	357	683	769	820	837	976
14	0.5	94	120	130	248	261	314	329	417	477	500	525	530	551	623	644	664	718	885	936	952	968	972	974	997
15	0.5	52	60	72	98	202	362	552	567	593	624	625	629	739	791	794	822	833	866	872	906	934	941	975	979
16	0.5	61	137	198	221	270	436	504	574	637	717	773	817	860	886	965
17	0.5	0	265	472	505	659	744	759	766	819	896
18	0.5	63	134	193	251	301	321	383	432	512	609	732	864	946	998
19	0.5	245	475	549	601	684	704	828	898	907
20	0.5	43	440	453	458	564	752	814	879	947	950
21	0.5	13	142	352	358	449	517	636	672	688	800	892	899	909	977	987
22	0.5	12	148	152	215	323	333	438	443	537	924	943	961	988
23	0.5	330	374	545	643	728	846	905	944	960
24	0.5	62	110	157	237	271	283	360	431	598	661	807	893	927	966
25	0.5	15	135	200	359	693	937
26	0.5	102	319	459	541	584	594	612	741	787	789	813	882	911
27	0.5	3	183	262	287	578	602	652	670	706	859	955	978
28	0.5	8	106	252	284	335	589	663	772	781	795	797	880	970
29	0.5	25	169	267	306	381	526	559	579	667	754	897	910	963
30	0.5	19	81	128	175	300	343	515	544	677	816	873	884	921
31	0.5	253	581	697	827
32	0.5	174	219	227	290	315	403	466	630	938	951
33	0.5	6	29	46	88	113	146	153	244	254	286	313	785	969	984	985
34	0.5	133	277	369	397	724	737	840	867	971
35	0.5	170	332	416	588	627	712	858	874	920
36	0.5	34	44	140	167	256	292	297	388	534	566	720	949	956
37	0.5	171	242	293	382	536	577	648	762	964
38	0.5	105	161	241	427	474	518	708	765	942
39	0.5	163	229	344	398	415	463	469	665	901	958
40	0.5	48	59	162	197	220	247	268	425	617	634	635	722	745	993	994
41	0.5	129	205	224	328	404	411	451	523	596	656	855	930	940
42	0.5	166	370	371	699	790	852	854
43	0.5	307	491	506	721	818	923
44	0.5	28	191	258	263	281	311	730	760	770	821	825	876	900
45	0.5	26	160	173	194	334	562	713	842	878	914	999
46	0.5	58	147	376	497	555	571	640	727	747	824	834	862	877	925	932
47	0.5	514	527	654	668	753	758	767	796	809	830	847	861	889	922	926
48	0.5	2	35	49	50	108	151	226	233	324	366	386	396	422	511	563	565	894	931	939	948	957	980	981
49	0.5	79	125	410	460	586	606	645	692	839	903	929
50	0.5	87	143	168	305	345	353	379	498	666	746	841	935	945	986
51	0.5	7	118	480	481	557	576	681	726	780	783	851	865	954
52	0.5	95	116	155	339	408	444	447	669	755
53	0.5	121	289	405	471	529	620	639	702	805
54	0.5	54	90	207	373	442	486	508	633	707	853
55	0.5	14	27	420	488	561	679	916
56	0.5	42	279	399	414	434	482	539	777	844
57	0.5	136	138	178	395	742	908
58	0.5	274	299	346	418	455	462	573	658	857	913
59	0.5	18	71	187	309	365	393	710	768	933
60	0.5	9	16	139	150	228	473	550	607	616	806	848	881	902
61	0.5	53	68	236	364	384	448	510	546	793
62	0.5	149	154	288	495	507	532	779
63	0.5	17	433	582	832
64	0.5	51	65	208	246	392	503	657	845	883
65	0.5	56	131	144	231	273	423	676	678	711	750	763	875
66	0.5	73	250	255	310	478	687	761	856	995
67	0.5	23	57	104	122	145	249	341	484	493	520	543	982
68	0.5	107	239	356	375	450	591	611	682	740	996
69	0.5	75	132	210	257	556	725	743
70	0.5	32	158	243	304	316	483	542	554	757	826
71	0.5	41	45	159	213	260	461	487	686	729	888	890
72	0.5	5	259	280	476	600	714	850
73	0.5	234	499	604	605	709	731
74	0.5	37	195	320	560	583	871
75	0.5	89	266	400	429	467	608	786	887
76	0.5	80	119	216	749	836
77	0.5	181	312	430	446	548	631	695
78	0.5	83	203	377	406	468	535	547	641	734	775	829
79	0.5	76	209	217	276	380	575	646	685	868
80	0.5	84	232	322	354	389	553	638	662	735	748	778
81	0.5	31	112	222	519	689	723	782
82	0.5	11	24	100	123	691	810	823
83	0.5	101	124	402	426	485	680	776
84	0.5	179	278	308	378	457	531	599	619	788
85	0.5	40	67	78	285	528	622	716	843
86	0.5	39	103	156	189	199	424	522	673
87	0.5	1	165	298	470	496	655	804
88	0.5	126	176	223	372	464	521	626	642	700
89	0.5	36	77	117	494	533	572	808	812
90	0.5	367	516	614	618	690	705	799
91	0.5	182	235	295	412	558	603	738	849
92	0.5	190	192	225	441
93	0.5	10	55	172	177	214	326	390	409	698
94	0.5	20	21	196	325	342	368	413	509	613	801
95	0.5	91	96	407	660	992
96	0.5	74	97	275	349	350	489	715	756
97	0.5	85	164	387	465	490	502	610	671	719
1	0.5	363	793	998
2	0.5	587	785	908	971
3	0.5	230	294	967
4	0.5	188	355	394	456	540	736
5	0.5	64	513	774	985
6	0.5	264	771	919
7	0.5	454	538	995
8	0.5	337	569	923
9	0.5	218	632	696
10	0.5	445	621	703
11	0.5	111	184	201	595	653	694	977	992
12	0.5	240	357	592	683
13	0.5	99	501	568	959	988
14	0.5	570	839	996
15	0.5	94	202	593	664	888	978	993	997
16	0.5	314	417	644	910	958	983
17	0.5	552	624	625	823	987
18	0.5	60	130	248	329	946
19	0.5	362	525	629	986
20	0.5	120	500	875
21	0.5	551	795	834
22	0.5	477	868	941
23	0.5	61	609	732	889	911	984
24	0.5	301	773	818	829	902
25	0.5	383	475	766	975
26	0.5	134	744	862
27	0.5	330	537	672	948	956	994
28	0.5	142	440	752	909	968	999
29	0.5	358	438	643	989
30	0.5	688	847	896
31	0.5	13	949	969
32	0.5	594	693	942	961
33	0.5	62	135	271	602	976
34	0.5	237	808	885
35	0.5	183	706	814
36	0.5	287	860	991
37	0.5	526	754	796	798	876	883	914
38	0.5	175	589	925	980
39	0.5	153	957	990
40	0.5	170	254	877	981
41	0.5	630	869	979
42	0.5	286	737	924
43	0.5	469	536	648	765
44	0.5	566	955	966
45	0.5	344	382	974
46	0.5	371	635	722	856	950
47	0.5	411	853	934
48	0.5	166	523	656
49	0.5	727	747	835	843
50	0.5	826	880	881	937
51	0.5	160	555	730
52	0.5	334	904	929
53	0.5	28	562	640
54	0.5	565	753	848	954
55	0.5	50	511	964	965
56	0.5	668	797	926
57	0.5	563	654	930
58	0.5	746	781	907	951
59	0.5	87	840	960
60	0.5	373	471	806
61	0.5	279	309	778	845
62	0.5	187	455	539	917
63	0.5	274	658	858
64	0.5	231	310	711	846
65	0.5	392	676	895
66	0.5	406	631	870
67	0.5	96	489	756
1	0.5	4	180	269	340	385	492	983
2	0.5	38	141	211	282	435	479	590	784	959
3	0.5	115	185	294	302	303	317	338	439	928	962
4	0.5	82	109	230	331	363	587	650	733	792	798	802	869	870	917
5	0.5	70	204	348	419	597	674	751	863	904
6	0.5	30	212	347	401	696	736
7	0.5	33	69	127	218	337	452	456	513	540	569	632	803	895	973
8	0.5	47	186	318	351	355	394	445	524	585	621	628	703	764	771	774	912	919
9	0.5	64	188	264	272	361	454	538	647	651	915	991
10	0.5	86	93	336	570	592	701	811	831	835	918
11	0.5	22	99	111	327	437	501	568	580	615	653	675	815	838	891	953	990
12	0.5	66	92	184	291	391	421	595	649	694	967	989
13	0.5	114	201	206	240	296	357	683	769	820	837	976
14	0.5	94	120	130	248	261	314	329	417	477	500	525	530	551	623	644	664	718	885	936	952	968	972	974	997
15	0.5	52	60	72	98	202	362	552	567	593	624	625	629	739	791	794	822	833	866	872	906	934	941	975	979
16	0.5	61	137	198	221	270	436	504	574	637	717	773	817	860	886	965
17	0.5	0	265	472	505	659	744	759	766	819	896
18	0.5	63	134	193	251	301	321	383	432	512	609	732	864	946	998
19	0.5	245	475	549	601	684	704	828	898	907
20	0.5	43	440	453	458	564	752	814	879	947	950
21	0.5	13	142	352	358	449	517	636	672	688	800	892	899	909	977	987
22	0.5	12	148	152	215	323	333	438	443	537	924	943	961	988
23	0.5	330	374	545	643	728	846	905	944	960
24	0.5	62	110	157	237	271	283	360	431	598	661	807	893	927	966
25	0.5	15	135	200	359	693	937
26	0.5	102	319	459	541	584	594	612	741	787	789	813	882	911
27	0.5	3	183	262	287	578	602	652	670	706	859	955	978
28	0.5	8	106	252	284	335	589	663	772	781	795	797	880	970
29	0.5	25	169	267	306	381	526	559	579	667	754	897	910	963
30	0.5	19	81	128	175	300	343	515	544	677	816	873	884	921
31	0.5	253	581	697	827
32	0.5	174	219	227	290	315	403	466	630	938	951
33	0.5	6	29	46	88	113	146	153	244	254	286	313	785	969	984	985
34	0.5	133	277	369	397	724	737	840	867	971
35	0.5	170	332	416	588	627	712	858	874	920
36	0.5	34	44	140	167	256	292	297	388	534	566	720	949	956
37	0.5	171	242	293	382	536	577	648	762	964
38	0.5	105	161	241	427	474	518	708	765	942
39	0.5	163	229	344	398	415	463	469	665	901	958
40	0.5	48	59	162	197	220	247	268	425	617	634	635	722	745	993	994
41	0.5	129	205	224	328	404	411	451	523	596	656	855	930	940
42	0.5	166	370	371	699	790	852	854
43	0.5	307	491	506	721	818	923
44	0.5	28	191	258	263	281	311	730	760	770	821	825	876	900
45	0.5	26	160	173	194	334	562	713	842	878	914	999
46	0.5	58	147	376	497	555	571	640	727	747	824	834	862	877	925	932
47	0.5	514	527	654	668	753	758	767	796	809	830	847	861	889	922	926
48	0.5	2	35	49	50	108	151	226	233	324	366	386	396	422	511	563	565	894	931	939	948	957	980	981
49	0.5	79	125	410	460	586	606	645	692	839	903	929
50	0.5	87	143	168	305	345	353	379	498	666	746	841	935	945	986
51	0.5	7	118	480	481	557	576	681	726	780	783	851	865	954
52	0.5	95	116	155	339	408	444	447	669	755
53	0.5	121	289	405	471	529	620	639	702	805
54	0.5	54	90	207	373	442	486	508	633	707	853
55	0.5	14	27	420	488	561	679	916
56	0.5	42	279	399	414	434	482	539	777	844
57	0.5	136	138	178	395	742	908
58	0.5	274	299	346	418	455	462	573	658	857	913
59	0.5	18	71	187	309	365	393	710	768	933
60	0.5	9	16	139	150	228	473	550	607	616	806	848	881	902
61	0.5	53	68	236	364	384	448	510	546	793
62	0.5	149	154	288	495	507	532	779
63	0.5	17	433	582	832
64	0.5	51	65	208	246	392	503	657	845	883
65	0.5	56	131	144	231	273	423	676	678	711	750	763	875
66	0.5	73	250	255	310	478	687	761	856	995
67	0.5	23	57	104	122	145	249	341	484	493	520	543	982
68	0.5	107	239	356	375	450	591	611	682	740	996
69	0.5	75	132	210	257	556	725	743
70	0.5	32	158	243	304	316	483	542	554	757	826
71	0.5	41	45	159	213	260	461	487	686	729	888	890
72	0.5	5	259	280	476	600	714	850
73	0.5	234	499	604	605	709	731
74	0.5	37	195	320	560	583	871
75	0.5	89	266	400	429	467	608	786	887
76	0.5	80	119	216	749	836
77	0.5	181	312	430	446	548	631	695
78	0.5	83	203	377	406	468	535	547	641	734	775	829
79	0.5	76	209	217	276	380	575	646	685	868
80	0.5	84	232	322	354	389	553	638	662	735	748	778
81	0.5	31	112	222	519	689	723	782
82	0.5	11	24	100	123	691	810	823
83	0.5	101	124	402	426	485	680	776
84	0.5	179	278	308	378	457	531	599	619	788
85	0.5	40	67	78	285	528	622	716	843
86	0.5	39	103	156	189	199	424	522	673
87	0.5	1	165	298	470	496	655	804
88	0.5	126	176	223	372	464	521	626	642	700
89	0.5	36	77	117	494	533	572	808	812
90	0.5	367	516	614	618	690	705	799
91	0.5	182	235	295	412	558	603	738	849
92	0.5	190	192	225	441
93	0.5	10	55	172	177	214	326	390	409	698
94	0.5	20	21	196	325	342	368	413	509	613	801
95	0.5	91	96	407	660	992
96	0.5	74	97	275	349	350	489	715	756
97	0.5	85	164	387	465	490	502	610	671	719
1	0.5	363	793	998
2	0.5	587	785	908	971
3	0.5	230	294	967
4	0.5	188	355	394	456	540	736
5	0.5	64	513	774	985
6	0.5	264	771	919
7	0.5	454	538	995
8	0.5	337	569	923
9	0.5	218	632	696
10	0.5	445	621	703
11	0.5	111	184	201	595	653	694	977	992
12	0.5	240	357	592	683
13	0.5	99	501	568	959	988
14	0.5	570	839	996
15	0.5	94	202	593	664	888	978	993	997
16	0.5	314	417	644	910	958	983
17	0.5	552	624	625	823	987
18	0.5	60	130	248	329	946
19	0.5	362	525	629	986
20	0.5	120	500	875
21	0.5	551	795	834
22	0.5	477	868	941
23	0.5	61	609	732	889	911	984
24	0.5	301	773	818	829	902
25	0.5	383	475	766	975
26	0.5	134	744	862
27	0.5	330	537	672	948	956	994
28	0.5	142	440	752	909	968	999
29	0.5	358	438	643	989
30	0.5	688	847	896
31	0.5	13	949	969
32	0.5	594	693	942	961
33	0.5	62	135	271	602	976
34	0.5	237	808	885
35	0.5	183	706	814
36	0.5	287	860	991
37	0.5	526	754	796	798	876	883	914
38	0.5	175	589	925	980
39	0.5	153	957	990
40	0.5	170	254	877	981
41	0.5	630	869	979
42	0.5	286	737	924
43	0.5	469	536	648	765
44	0.5	566	955	966
45	0.5	344	382	974
46	0.5	371	635	722	856	950
47	0.5	411	853	934
48	0.5	166	523	656
49	0.5	727	747	835	843
50	0.5	826	880	881	937
51	0.5	160	555	730
52	0.5	334	904	929
53	0.5	28	562	640
54	0.5	565	753	848	954
55	0.5	50	511	964	965
56	0.5	668	797	926
57	0.5	563	654	930
58	0.5	746	781	907	951
59	0.5	87	840	960
60	0.5	373	471	806
61	0.5	279	309	778	845
62	0.5	187	455	539	917
63	0.5	274	658	858
64	0.5	231	310	711	846
65	0.5	392	676	895
66	0.5	406	631	870
67	0.5	96	489	756
1	0.5	363	793	998
2	0.5	587	785	908	971
3	0.5	230	294	967
4	0.5	188	355	394	456	540	736
5	0.5	64	513	774	985
6	0.5	264	771	919
7	0.5	454	538	995
8	0.5	337	569	923
9	0.5	218	632	696
10	0.5	445	621	703
11	0.5	111	184	201	595	653	694	977	992
12	0.5	240	357	592	683
13	0.5	99	501	568	959	988
14	0.5	570	839	996
15	0.5	94	202	593	664	888	978	993	997
16	0.5	314	417	644	910	958	983
17	0.5	552	624	625	823	987
18	0.5	60	130	248	329	946
19	0.5	362	525	629	986
20	0.5	120	500	875
21	0.5	551	795	834
22	0.5	477	868	941
23	0.5	61	609	732	889	911	984
24	0.5	301	773	818	829	902
25	0.5	383	475	766	975
26	0.5	134	744	862
27	0.5	330	537	672	948	956	994
28	0.5	142	440	752	909	968	999
29	0.5	358	438	643	989
30	0.5	688	847	896
31	0.5	13	949	969
32	0.5	594	693	942	961
33	0.5	62	135	271	602	976
34	0.5	237	808	885
35	0.5	183	706	814
36	0.5	287	860	991
37	0.5	526	754	796	798	876	883	914
38	0.5	175	589	925	980
39	0.5	153	957	990
40	0.5	170	254	877	981
41	0.5	630	869	979
42	0.5	286	737	924
43	0.5	469	536	648	765
44	0.5	566	955	966
45	0.5	344	382	974
46	0.5	371	635	722	856	950
47	0.5	411	853	934
48	0.5	166	523	656
49	0.5	727	747	835	843
50	0.5	826	880	881	937
51	0.5	160	555	730
52	0.5	334	904	929
53	0.5	28	562	640
54	0.5	565	753	848	954
55	0.5	50	511	964	965
56	0.5	668	797	926
57	0.5	563	654	930
58	0.5	746	781	907	951
59	0.5	87	840	960
60	0.5	373	471	806
61	0.5	279	309	778	845
62	0.5	187	455	539	917
63	0.5	274	658	858
64	0.5	231	310	711	846
65	0.5	392	676	895
66	0.5	406	631	870
67	0.5	96	489	756
1	0.5	209	357	918	947	975
2	0.5	662	790	856
3	0.5	806	839	926
4	0.5	588	656	803
5	0.5	73	290	421	594	878	993
6	0.5	384	641	933	950
7	0.5	59	865	948
8	0.5	349	494	581
9	0.5	252	590	858
10	0.5	21	733	807	876	959	962	968
11	0.5	95	653	714	983	984
12	0.5	31	32	658	964	969
13	0.5	260	305	829
14	0.5	600	927	934
15	0.5	4	277	323	892	920
16	0.5	532	866	884	939	942	967
17	0.5	12	441	944	972
18	0.5	711	916	938
19	0.5	108	192	966
20	0.5	75	570	729
21	0.5	107	530	907	951	973	974
22	0.5	5	749	930	956	961
23	0.5	221	336	420
24	0.5	183	307	313	881	932
25	0.5	131	791	883	953	965
26	0.5	395	526	675
27	0.5	726	734	946
28	0.5	409	489	513	547	957	963
29	0.5	19	20	26	52	909	936
30	0.5	499	609	816
31	0.5	437	520	802
32	0.5	296	888	940	958
33	0.5	528	762	771
34	0.5	498	752	921
35	0.5	149	332	906	915
36	0.5	363	761	826
37	0.5	3	857	922
38	0.5	89	769	952
39	0.5	289	783	917
40	0.5	223	551	875	910	981
41	0.5	199	257	654	687
42	0.5	142	275	497	593
43	0.5	370	708	913
44	0.5	64	382	833
45	0.5	507	813	889
46	0.5	7	485	636	748	842
47	0.5	299	647	671	820
48	0.5	287	682	778	785	851	891
49	0.5	369	743	900	928	945
50	0.5	232	670	792
51	0.5	48	50	798
52	0.5	649	681	850
53	0.5	67	203	768	787	864
54	0.5	717	789	804
55	0.5	171	611	758
56	0.5	288	340	982
57	0.5	155	705	844
58	0.5	346	428	516
59	0.5	546	819	825
60	0.5	204	775	809
61	0.5	534	978	979
62	0.5	535	667	674	980
63	0.5	740	756	773
64	0.5	496	604	750
1	0.5	4	180	269	340	385	492	983
2	0.5	38	141	211	282	435	479	590	784	959
3	0.5	115	185	294	302	303	317	338	439	928	962
4	0.5	82	109	230	331	363	587	650	733	792	798	802	869	870	917
5	0.5	70	204	348	419	597	674	751	863	904
6	0.5	30	212	347	401	696	736
7	0.5	33	69	127	218	337	452	456	513	540	569	632	803	895	973
8	0.5	47	186	318	351	355	394	445	524	585	621	628	703	764	771	774	912	919
9	0.5	64	188	264	272	361	454	538	647	651	915	991
10	0.5	86	93	336	570	592	701	811	831	835	918
11	0.5	22	99	111	327	437	501	568	580	615	653	675	815	838	891	953	990
12	0.5	66	92	184	291	391	421	595	649	694	967	989
13	0.5	114	201	206	240	296	357	683	769	820	837	976
14	0.5	94	120	130	248	261	314	329	417	477	500	525	530	551	623	644	664	718	885	936	952	968	972	974	997
15	0.5	52	60	72	98	202	362	552	567	593	624	625	629	739	791	794	822	833	866	872	906	934	941	975	979
16	0.5	61	137	198	221	270	436	504	574	637	717	773	817	860	886	965
17	0.5	0	265	472	505	659	744	759	766	819	896
18	0.5	63	134	193	251	301	321	383	432	512	609	732	864	946	998
19	0.5	245	475	549	601	684	704	828	898	907
20	0.5	43	440	453	458	564	752	814	879	947	950
21	0.5	13	142	352	358	449	517	636	672	688	800	892	899	909	977	987
22	0.5	12	148	152	215	323	333	438	443	537	924	943	961	988
23	0.5	330	374	545	643	728	846	905	944	960
24	0.5	62	110	157	237	271	283	360	431	598	661	807	893	927	966
25	0.5	15	135	200	359	693	937
26	0.5	102	319	459	541	584	594	612	741	787	789	813	882	911
27	0.5	3	183	262	287	578	602	652	670	706	859	955	978
28	0.5	8	106	252	284	335	589	663	772	781	795	797	880	970
29	0.5	25	169	267	306	381	526	559	579	667	754	897	910	963
30	0.5	19	81	128	175	300	343	515	544	677	816	873	884	921
31	0.5	253	581	697	827
32	0.5	174	219	227	290	315	403	466	630	938	951
33	0.5	6	29	46	88	113	146	153	244	254	286	313	785	969	984	985
34	0.5	133	277	369	397	724	737	840	867	971
35	0.5	170	332	416	588	627	712	858	874	920
36	0.5	34	44	140	167	256	292	297	388	534	566	720	949	956
37	0.5	171	242	293	382	536	577	648	762	964
38	0.5	105	161	241	427	474	518	708	765	942
39	0.5	163	229	344	398	415	463	469	665	901	958
40	0.5	48	59	162	197	220	247	268	425	617	634	635	722	745	993	994
41	0.5	129	205	224	328	404	411	451	523	596	656	855	930	940
42	0.5	166	370	371	699	790	852	854
43	0.5	307	491	506	721	818	923
44	0.5	28	191	258	263	281	311	730	760	770	821	825	876	900
45	0.5	26	160	173	194	334	562	713	842	878	914	999
46	0.5	58	147	376	497	555	571	640	727	747	824	834	862	877	925	932
47	0.5	514	527	654	668	753	758	767	796	809	830	847	861	889	922	926
48	0.5	2	35	49	50	108	151	226	233	324	366	386	396	422	511	563	565	894	931	939	948	957	980	981
49	0.5	79	125	410	460	586	606	645	692	839	903	929
50	0.5	87	143	168	305	345	353	379	498	666	746	841	935	945	986
51	0.5	7	118	480	481	557	576	681	726	780	783	851	865	954
52	0.5	95	116	155	339	408	444	447	669	755
53	0.5	121	289	405	471	529	620	639	702	805
54	0.5	54	90	207	373	442	486	508	633	707	853
55	0.5	14	27	420	488	561	679	916
56	0.5	42	279	399	414	434	482	539	777	844
57	0.5	136	138	178	395	742	908
58	0.5	274	299	346	418	455	462	573	658	857	913
59	0.5	18	71	187	309	365	393	710	768	933
60	0.5	9	16	139	150	228	473	550	607	616	806	848	881	902
61	0.5	53	68	236	364	384	448	510	546	793
62	0.5	149	154	288	495	507	532	779
63	0.5	17	433	582	832
64	0.5	51	65	208	246	392	503	657	845	883
65	0.5	56	131	144	231	273	423	676	678	711	750	763	875
66	0.5	73	250	255	310	478	687	761	856	995
67	0.5	23	57	104	122	145	249	341	484	493	520	543	982
68	0.5	107	239	356	375	450	591	611	682	740	996
69	0.5	75	132	210	257	556	725	743
70	0.5	32	158	243	304	316	483	542	554	757	826
71	0.5	41	45	159	213	260	461	487	686	729	888	890
72	0.5	5	259	280	476	600	714	850
73	0.5	234	499	604	605	709	731
74	0.5	37	195	320	560	583	871
75	0.5	89	266	400	429	467	608	786	887
76	0.5	80	119	216	749	836
77	0.5	181	312	430	446	548	631	695
78	0.5	83	203	377	406	468	535	547	641	734	775	829
79	0.5	76	209	217	276	380	575	646	685	868
80	0.5	84	232	322	354	389	553	638	662	735	748	778
81	0.5	31	112	222	519	689	723	782
82	0.5	11	24	100	123	691	810	823
83	0.5	101	124	402	426	485	680	776
84	0.5	179	278	308	378	457	531	599	619	788
85	0.5	40	67	78	285	528	622	716	843
86	0.5	39	103	156	189	199	424	522	673
87	0.5	1	165	298	470	496	655	804
88	0.5	126	176	223	372	464	521	626	642	700
89	0.5	36	77	117	494	533	572	808	812
90	0.5	367	516	614	618	690	705	799
91	0.5	182	235	295	412	558	603	738	849
92	0.5	190	192	225	441
93	0.5	10	55	172	177	214	326	390	409	698
94	0.5	20	21	196	325	342	368	413	509	613	801
95	0.5	91	96	407	660	992
96	0.5	74	97	275	349	350	489	715	756
97	0.5	85	164	387	465	490	502	610	671	719
1	0.5	4	180	269	340	385	492	983
2	0.5	38	141	211	282	435	479	590	784	959
3	0.5	115	185	294	302	303	317	338	439	928	962
4	0.5	82	109	230	331	363	587	650	733	792	798	802	869	870	917
5	0.5	70	204	348	419	597	674	751	863	904
6	0.5	30	212	347	401	696	736
7	0.5	33	69	127	218	337	452	456	513	540	569	632	803	895	973
8	0.5	47	186	318	351	355	394	445	524	585	621	628	703	764	771	774	912	919
9	0.5	64	188	264	272	361	454	538	647	651	915	991
10	0.5	86	93	336	570	592	701	811	831	835	918
11	0.5	22	99	111	327	437	501	568	580	615	653	675	815	838	891	953	990
12	0.5	66	92	184	291	391	421	595	649	694	967	989
13	0.5	114	201	206	240	296	357	683	769	820	837	976
14	0.5	94	120	130	248	261	314	329	417	477	500	525	530	551	623	644	664	718	885	936	952	968	972	974	997
15	0.5	52	60	72	98	202	362	552	567	593	624	625	629	739	791	794	822	833	866	872	906	934	941	975	979
16	0.5	61	137	198	221	270	436	504	574	637	717	773	817	860	886	965
17	0.5	0	265	472	505	659	744	759	766	819	896
18	0.5	63	134	193	251	301	321	383	432	512	609	732	864	946	998
19	0.5	245	475	549	601	684	704	828	898	907
20	0.5	43	440	453	458	564	752	814	879	947	950
21	0.5	13	142	352	358	449	517	636	672	688	800	892	899	909	977	987
22	0.5	12	148	152	215	323	333	438	443	537	924	943	961	988
23	0.5	330	374	545	643	728	846	905	944	960
24	0.5	62	110	157	237	271	283	360	431	598	661	807	893	927	966
25	0.5	15	135	200	359	693	937
26	0.5	102	319	459	541	584	594	612	741	787	789	813	882	911
27	0.5	3	183	262	287	578	602	652	670	706	859	955	978
28	0.5	8	106	252	284	335	589	663	772	781	795	797	880	970
29	0.5	25	169	267	306	381	526	559	579	667	754	897	910	963
30	0.5	19	81	128	175	300	343	515	544	677	816	873	884	921
31	0.5	253	581	697	827
32	0.5	174	219	227	290	315	403	466	630	938	951
33	0.5	6	29	46	88	113	146	153	244	254	286	313	785	969	984	985
34	0.5	133	277	369	397	724	737	840	867	971
35	0.5	170	332	416	588	627	712	858	874	920
36	0.5	34	44	140	167	256	292	297	388	534	566	720	949	956
37	0.5	171	242	293	382	536	577	648	762	964
38	0.5	105	161	241	427	474	518	708	765	942
39	0.5	163	229	344	398	415	463	469	665	901	958
40	0.5	48	59	162	197	220	247	268	425	617	634	635	722	745	993	994
41	0.5	129	205	224	328	404	411	451	523	596	656	855	930	940
42	0.5	166	370	371	699	790	852	854
43	0.5	307	491	506	721	818	923
44	0.5	28	191	258	263	281	311	730	760	770	821	825	876	900
45	0.5	26	160	173	194	334	562	713	842	878	914	999
46	0.5	58	147	376	497	555	571	640	727	747	824	834	862	877	925	932
47	0.5	514	527	654	668	753	758	767	796	809	830	847	861	889	922	926
48	0.5	2	35	49	50	108	151	226	233	324	366	386	396	422	511	563	565	894	931	939	948	957	980	981
49	0.5	79	125	410	460	586	606	645	692	839	903	929
50	0.5	87	143	168	305	345	353	379	498	666	746	841	935	945	986
51	0.5	7	118	480	481	557	576	681	726	780	783	851	865	954
52	0.5	95	116	155	339	408	444	447	669	755
53	0.5	121	289	405	471	529	620	639	702	805
54	0.5	54	90	207	373	442	486	508	633	707	853
55	0.5	14	27	420	488	561	679	916
56	0.5	42	279	399	414	434	482	539	777	844
57	0.5	136	138	178	395	742	908
58	0.5	274	299	346	418	455	462	573	658	857	913
59	0.5	18	71	187	309	365	393	710	768	933
60	0.5	9	16	139	150	228	473	550	607	616	806	848	881	902
61	0.5	53	68	236	364	384	448	510	546	793
62	0.5	149	154	288	495	507	532	779
63	0.5	17	433	582	832
64	0.5	51	65	208	246	392	503	657	845	883
65	0.5	56	131	144	231	273	423	676	678	711	750	763	875
66	0.5	73	250	255	310	478	687	761	856	995
67	0.5	23	57	104	122	145	249	341	484	493	520	543	982
68	0.5	107	239	356	375	450	591	611	682	740	996
69	0.5	75	132	210	257	556	725	743
70	0.5	32	158	243	304	316	483	542	554	757	826
71	0.5	41	45	159	213	260	461	487	686	729	888	890
72	0.5	5	259	280	476	600	714	850
73	0.5	234	499	604	605	709	731
74	0.5	37	195	320	560	583	871
75	0.5	89	266	400	429	467	608	786	887
76	0.5	80	119	216	749	836
77	0.5	181	312	430	446	548	631	695
78	0.5	83	203	377	406	468	535	547	641	734	775	829
79	0.5	76	209	217	276	380	575	646	685	868
80	0.5	84	232	322	354	389	553	638	662	735	748	778
81	0.5	31	112	222	519	689	723	782
82	0.5	11	24	100	123	691	810	823
83	0.5	101	124	402	426	485	680	776
84	0.5	179	278	308	378	457	531	599	619	788
85	0.5	40	67	78	285	528	622	716	843
86	0.5	39	103	156	189	199	424	522	673
87	0.5	1	165	298	470	496	655	804
88	0.5	126	176	223	372	464	521	626	642	700
89	0.5	36	77	117	494	533	572	808	812
90	0.5	367	516	614	618	690	705	799
91	0.5	182	235	295	412	558	603	738	849
92	0.5	190	192	225	441
93	0.5	10	55	172	177	214	326	390	409	698
94	0.5	20	21	196	325	342	368	413	509	613	801
95	0.5	91	96	407	660	992
96	0.5	74	97	275	349	350	489	715	756
97	0.5	85	164	387	465	490	502	610	671	719
