1 	 1 	
1 	
898 	
900 	
918 	
936 	
951 	
966 	
989 	
17 	
897 	
973 	
845 	
955 	
142 	
108 	
399 	
241 	
117 	
733 	
130 	
133 	
896 	
727 	
145 	
154 	
310 	
656 	
185 	
741 	
628 	
240 	
480 	
249 	
256 	
726 	
297 	
336 	
404 	
803 	
433 	
522 	
737 	
531 	
682 	


2 	 1 	
2 	
158 	
230 	
355 	
595 	
667 	
690 	
43 	
245 	
476 	
479 	
526 	
635 	
777 	
74 	
94 	
453 	
562 	
95 	
422 	
98 	
431 	
139 	
226 	


3 	 1 	
851 	
30 	
559 	
685 	
712 	
858 	
876 	
907 	
55 	
283 	
591 	
867 	
146 	
152 	
486 	
637 	
699 	
253 	
475 	
546 	
157 	
197 	
468 	
704 	
363 	
541 	
416 	
487 	
554 	
366 	
369 	
415 	


4 	 1 	
3 	
373 	
691 	
795 	
916 	
929 	
946 	
8 	
653 	
750 	
832 	
906 	
965 	
44 	
118 	
547 	
755 	
642 	
85 	
302 	
663 	
99 	
826 	
856 	
865 	
489 	
689 	
159 	
258 	
705 	
186 	
190 	
787 	
385 	
406 	
477 	
290 	
311 	
678 	
509 	
583 	


5 	 1 	
305 	
16 	
811 	
887 	
892 	
905 	
913 	
926 	
39 	
719 	
794 	
881 	
912 	
41 	
507 	
48 	
59 	
64 	
84 	
93 	
163 	
170 	
171 	
174 	
730 	
213 	
720 	
448 	
343 	
291 	
312 	
491 	
570 	


6 	 1 	
4 	
793 	
932 	
934 	
940 	
972 	
983 	
866 	
855 	
56 	
839 	
902 	
922 	
947 	
68 	
871 	
91 	
769 	
122 	
127 	
149 	
835 	
151 	
176 	
209 	
214 	
278 	
292 	
410 	
601 	
324 	
335 	
778 	
367 	
384 	
401 	
451 	
458 	
548 	
572 	
641 	


7 	 1 	
5 	
959 	
961 	
964 	
991 	
998 	
908 	
933 	
899 	
942 	
962 	
576 	
958 	
910 	
938 	
147 	
508 	
202 	
204 	
728 	
883 	
880 	
549 	
863 	
807 	
820 	
718 	
626 	
588 	
736 	
658 	
754 	


8 	 1 	
997 	
13 	
994 	
442 	
77 	
110 	
114 	
194 	
269 	
279 	
412 	
326 	
348 	
377 	
445 	
499 	
537 	


9 	 1 	
6 	
707 	
844 	
976 	
982 	
990 	
992 	
943 	
70 	
504 	
622 	
948 	
971 	
79 	
923 	
81 	
889 	
109 	
717 	
193 	
223 	
444 	
238 	
857 	
252 	
265 	
455 	
303 	
756 	
319 	
339 	
393 	
398 	
652 	
408 	
484 	
419 	
424 	
426 	
454 	
651 	
513 	
544 	
523 	
535 	


10 	 1 	
970 	
60 	
388 	
953 	
963 	
981 	
75 	
928 	
111 	
128 	
254 	
600 	
132 	
914 	
567 	
212 	
671 	
893 	
473 	
331 	
352 	
647 	
375 	
407 	
470 	
781 	
425 	
459 	
587 	


11 	 1 	
7 	
300 	
775 	
789 	
791 	
806 	
827 	
36 	
450 	
37 	
528 	
673 	
50 	
538 	
648 	
136 	
483 	
178 	
229 	
560 	
255 	
260 	
285 	
381 	


12 	 1 	
767 	
19 	
580 	
729 	
809 	
877 	
886 	
466 	
58 	
679 	
697 	
722 	
852 	
112 	
362 	
695 	
120 	
761 	
799 	
166 	
723 	
368 	
307 	
340 	
349 	
521 	
614 	
438 	
449 	


13 	 1 	
9 	
38 	
342 	
457 	
607 	
829 	
830 	
837 	
12 	
380 	
598 	
616 	
137 	
478 	
73 	
161 	
294 	
105 	
347 	
208 	
261 	
405 	
345 	
439 	
306 	


14 	 1 	
10 	
395 	
815 	
935 	
967 	
986 	
993 	
584 	
669 	
24 	
627 	
792 	
919 	
944 	
28 	
840 	
870 	
676 	
182 	
662 	
873 	
72 	
738 	
90 	
802 	
125 	
129 	
643 	
746 	
853 	
198 	
156 	
638 	
771 	
772 	
282 	
818 	
224 	
304 	
536 	
320 	
332 	
496 	
361 	
518 	
443 	
464 	


15 	 1 	
674 	
15 	
365 	
623 	
739 	
783 	
801 	
23 	
40 	
138 	
681 	
29 	
266 	
356 	
540 	
87 	
153 	
338 	
593 	
440 	
661 	
160 	
376 	
227 	
295 	
287 	


16 	 1 	
11 	
88 	
605 	
752 	
841 	
862 	
909 	
25 	
203 	
383 	
700 	
34 	
221 	
52 	
169 	
183 	
315 	
65 	
461 	
497 	
753 	
632 	
89 	
391 	
92 	
414 	
162 	
334 	
452 	
237 	


17 	 1 	
14 	
687 	
716 	
774 	
821 	
833 	
846 	
539 	
42 	
765 	
96 	
692 	
702 	
784 	
654 	
165 	
206 	
191 	
529 	
275 	
217 	
220 	
236 	
330 	
463 	


18 	 1 	
788 	
577 	
179 	
289 	
102 	
485 	
550 	
706 	
711 	
762 	
155 	
140 	
456 	
465 	
524 	
510 	
530 	
301 	
575 	
264 	
341 	
516 	
309 	
515 	


19 	 1 	
952 	
901 	
47 	
860 	
890 	
917 	
937 	
101 	
790 	
859 	
927 	
574 	
225 	
848 	
869 	
915 	
556 	
239 	
246 	
325 	
813 	
273 	
895 	
281 	
288 	
323 	
317 	
785 	
333 	
344 	
392 	
683 	
402 	
437 	
613 	
646 	
650 	


20 	 1 	
18 	
353 	
665 	
903 	
941 	
974 	
978 	
31 	
696 	
780 	
939 	
745 	
46 	
749 	
960 	
512 	
78 	
770 	
911 	
121 	
409 	
611 	
148 	
299 	
411 	
735 	
553 	
268 	
263 	
630 	
351 	
533 	
701 	
370 	
759 	
430 	
472 	
490 	
542 	
604 	
514 	
603 	


21 	 1 	
20 	
649 	
885 	
949 	
956 	
977 	
985 	
21 	
828 	
849 	
884 	
920 	
814 	
27 	
286 	
925 	
503 	
709 	
53 	
618 	
106 	
748 	
921 	
119 	
187 	
441 	
680 	
298 	
219 	
708 	
235 	
525 	
314 	
493 	
328 	
429 	
552 	
578 	
413 	
543 	
418 	
633 	
517 	
615 	


22 	 1 	
995 	
22 	
975 	
980 	
996 	
999 	
1000 	
659 	
32 	
984 	
988 	
33 	
957 	
625 	
875 	
420 	
116 	
134 	
954 	
842 	
168 	
945 	
474 	
184 	
189 	
894 	
247 	
819 	
882 	
262 	
812 	
308 	
569 	
868 	
378 	
389 	
488 	
891 	
664 	
644 	
565 	
573 	
597 	
606 	
740 	
634 	
636 	


23 	 1 	
688 	
49 	
640 	
657 	
714 	
731 	
751 	
805 	
51 	
123 	
435 	
629 	
655 	
76 	
804 	
810 	
864 	
234 	
571 	
200 	
175 	
585 	
589 	
677 	
192 	
400 	
481 	
527 	
703 	
396 	
620 	


24 	 1 	
26 	
660 	
847 	
850 	
854 	
930 	
950 	
979 	
63 	
904 	
924 	
931 	
66 	
602 	
694 	
825 	
113 	
534 	
210 	
144 	
675 	
180 	
511 	
201 	
374 	
259 	
277 	
372 	
296 	
710 	
329 	
599 	
358 	
586 	
371 	
715 	
386 	
397 	
492 	
501 	
566 	


25 	 1 	
592 	
248 	
62 	
97 	
267 	
280 	
506 	
721 	
743 	
764 	
519 	
316 	
502 	
608 	
124 	
251 	
568 	
354 	
284 	
382 	


26 	 1 	
35 	
135 	
469 	
744 	
747 	
782 	
834 	
54 	
82 	
555 	
725 	
773 	
763 	
100 	
467 	
471 	
557 	
195 	
359 	
561 	
207 	
364 	
387 	
434 	
532 	


27 	 1 	
45 	
394 	
505 	
684 	
734 	
760 	
798 	
61 	
327 	
357 	
612 	
631 	
86 	
244 	
693 	
107 	
172 	
360 	
482 	
242 	
460 	
250 	


28 	 1 	
888 	
57 	
423 	
742 	
758 	
797 	
800 	
808 	
69 	
563 	
617 	
779 	
843 	
878 	
71 	
816 	
131 	
724 	
173 	
257 	
766 	
776 	
861 	
188 	
672 	
196 	
205 	
817 	
228 	
233 	
639 	
313 	
558 	


29 	 1 	
103 	
968 	
872 	
987 	
879 	
969 	
596 	
796 	
874 	
232 	
624 	
272 	
670 	
698 	
293 	
579 	
322 	
713 	
686 	
417 	
590 	


30 	 1 	
67 	
274 	
495 	
582 	
786 	
822 	
831 	
838 	
80 	
436 	
732 	
222 	
164 	
181 	
390 	
551 	
564 	
167 	
350 	
421 	
428 	
177 	
218 	
337 	
346 	


31 	 1 	
83 	
150 	
211 	
276 	
520 	
666 	
668 	
321 	
126 	
143 	
379 	
427 	
498 	
141 	
462 	
594 	
432 	
446 	
215 	
271 	


32 	 1 	
104 	
581 	
610 	
768 	
823 	
824 	
836 	
115 	
500 	
621 	
199 	
645 	
757 	
216 	
609 	
231 	
447 	
243 	
270 	
545 	
619 	
318 	
403 	
494 	


