1	0.5	363	793	998
2	0.5	587	785	908	971
3	0.5	230	294	967
4	0.5	188	355	394	456	540	736
5	0.5	64	513	774	985
6	0.5	264	771	919
7	0.5	454	538	995
8	0.5	337	569	923
9	0.5	218	632	696
10	0.5	445	621	703
11	0.5	111	184	201	595	653	694	977	992
12	0.5	240	357	592	683
13	0.5	99	501	568	959	988
14	0.5	570	839	996
15	0.5	94	202	593	664	888	978	993	997
16	0.5	314	417	644	910	958	983
17	0.5	552	624	625	823	987
18	0.5	60	130	248	329	946
19	0.5	362	525	629	986
20	0.5	120	500	875
21	0.5	551	795	834
22	0.5	477	868	941
23	0.5	61	609	732	889	911	984
24	0.5	301	773	818	829	902
25	0.5	383	475	766	975
26	0.5	134	744	862
27	0.5	330	537	672	948	956	994
28	0.5	142	440	752	909	968	999
29	0.5	358	438	643	989
30	0.5	688	847	896
31	0.5	13	949	969
32	0.5	594	693	942	961
33	0.5	62	135	271	602	976
34	0.5	237	808	885
35	0.5	183	706	814
36	0.5	287	860	991
37	0.5	526	754	796	798	876	883	914
38	0.5	175	589	925	980
39	0.5	153	957	990
40	0.5	170	254	877	981
41	0.5	630	869	979
42	0.5	286	737	924
43	0.5	469	536	648	765
44	0.5	566	955	966
45	0.5	344	382	974
46	0.5	371	635	722	856	950
47	0.5	411	853	934
48	0.5	166	523	656
49	0.5	727	747	835	843
50	0.5	826	880	881	937
51	0.5	160	555	730
52	0.5	334	904	929
53	0.5	28	562	640
54	0.5	565	753	848	954
55	0.5	50	511	964	965
56	0.5	668	797	926
57	0.5	563	654	930
58	0.5	746	781	907	951
59	0.5	87	840	960
60	0.5	373	471	806
61	0.5	279	309	778	845
62	0.5	187	455	539	917
63	0.5	274	658	858
64	0.5	231	310	711	846
65	0.5	392	676	895
66	0.5	406	631	870
67	0.5	96	489	756
