Cluster 1: [271, 222, 62, 638, 302, 199, 138, 473, 863, 733, 705, 685, 610, 575, 550, 476, 433, 384, 252, 194, 64, 821, 819, 718, 602, 513, 322, 266, 246, 135, 985, 903, 901, 890, 830, 774, 760, 745, 506, 505, 437, 976, 953, 912, 867, 767, 660, 1]
Cluster 2: [143, 44, 14, 454, 375, 353, 546, 729, 538, 444, 441, 334, 331, 324, 153, 149, 13, 957, 1000, 995, 990, 970, 969, 954, 950, 949, 910, 904, 897, 883, 848, 816, 802, 753, 689, 673, 644, 637, 565, 518, 459, 450, 439, 359, 216, 929, 914]
Cluster 3: [224, 190, 177, 157, 127, 104, 465, 373, 166, 674, 643, 627, 522, 471, 299, 200, 40, 806, 701, 656, 523, 497, 425, 2]
Cluster 4: [150, 385, 434, 69, 583, 365, 237, 229, 885, 547, 511, 551, 17, 10, 907, 850, 834, 808, 795, 617, 608, 533, 508, 496, 474, 449, 289, 155, 151, 140, 54, 18, 781]
Cluster 5: [152, 109, 423, 234, 227, 51, 936, 931, 899, 893, 864, 849, 832, 798, 768, 759, 754, 669, 655, 566, 564, 528, 512, 397, 387, 367, 325, 50, 36, 966, 965, 964, 955, 945, 927, 3, 515, 811]
Cluster 6: [272, 111, 284, 238, 201, 184, 158, 599, 432, 360, 288, 136, 103, 791, 694, 662, 603, 542, 460, 16, 898, 809, 579, 962, 653, 4, 992, 977, 943, 916, 886, 861, 815, 742, 707, 671, 595, 585, 361, 320, 263, 63, 789, 932, 613]
Cluster 7: [240, 211, 76, 133, 485, 872, 744, 741, 726, 683, 612, 592, 557, 544, 521, 494, 451, 376, 357, 342, 258, 250, 146, 123, 108, 105, 58, 24, 862]
Cluster 8: [282, 335, 148, 563, 259, 905, 312, 192, 161, 29, 823, 27, 827, 938, 937, 930, 919, 881, 880, 865, 844, 826, 771, 761, 748, 731, 728, 714, 641, 572, 377, 195, 59, 836, 174, 498, 556, 882, 264]
Cluster 9: [71, 786, 349, 205, 186, 440, 386, 303, 295, 39, 800, 341, 339, 332, 270, 231, 212, 142, 116, 83, 874, 866, 804, 734, 591, 588, 283, 181, 933, 794, 675, 651, 598, 493, 480, 420, 364, 318, 304, 972, 968, 922, 873, 752, 5, 436, 110, 999, 909]
Cluster 10: [33, 317, 261, 160, 555, 477, 46, 42, 730, 488, 462, 244, 214, 159, 484, 894, 892, 758, 687, 543, 260, 852, 828, 715, 601, 305, 281, 6]
Cluster 11: [169, 144, 380, 306, 126, 88, 80, 908, 693, 646, 607, 587, 558, 499, 411, 346, 747, 667, 577, 461, 354, 119, 941, 843, 841, 782, 481, 952, 934, 785, 682, 8, 727, 971, 961, 868, 482, 853]
Cluster 12: [345, 578, 428, 294, 906, 766, 721, 666, 535, 519, 475, 470, 416, 399, 389, 383, 293, 243, 242, 230, 172, 164, 162, 106, 709, 948, 141, 168, 45, 257, 298, 649, 967, 35, 763, 537, 567, 963, 171, 114, 89, 30, 842, 631, 628, 467, 417, 404, 333, 316, 287, 278, 255, 245, 228, 175, 154, 944, 925, 878, 870, 860, 725, 589, 47, 738, 991, 980, 958, 787, 7, 398, 291, 982, 220, 983, 956, 314, 370, 134, 464, 147, 713, 975]
Cluster 13: [448, 445, 409, 117, 96, 472, 208, 562, 487, 28, 807, 756, 708, 703, 640, 634, 621, 530, 509, 489, 443, 421, 406, 374, 340, 290, 156, 122, 55, 15, 855, 91, 921, 680, 670]
Cluster 14: [176, 20, 545, 516, 285, 253, 560, 382, 307, 170, 129, 82, 799, 698, 678, 668, 344, 254, 107, 26, 902, 888, 877, 797, 773, 664, 590, 582, 580, 527, 336, 301, 268, 981, 974, 926, 884, 783, 818, 829, 9, 755, 915]
Cluster 15: [113, 32, 223, 85, 520, 390, 724, 663, 124, 101, 25, 784, 749, 690, 355, 323, 233, 825, 780, 736, 812, 554, 692, 639, 12]
Cluster 16: [86, 720, 716, 672, 491, 351, 350, 276, 97, 92, 776, 98, 75, 490, 165, 408, 611, 21, 510, 343, 197, 326, 193, 22, 414, 178, 391, 226, 56, 699, 369, 803, 614, 410, 215, 173, 11, 661, 388, 442, 191, 757, 503, 466, 327]
Cluster 17: [447, 548, 84, 378, 777, 647, 576, 381, 218, 77, 182, 277, 204, 536, 431, 642, 210, 831, 871, 696, 469, 735, 632, 407, 549, 686, 313]
Cluster 18: [413, 183, 604, 619, 368, 706, 691, 559, 814, 573, 534, 37, 810, 118, 851, 495, 78, 517, 615, 236, 296, 801, 739]
Cluster 19: [145, 311, 247, 232, 479, 251, 209, 858, 688, 504, 66, 52, 879, 762, 751, 712, 677, 393, 274, 424, 658, 896, 57, 847, 679, 132, 887, 764, 74, 256]
Cluster 20: [400, 179, 139, 574, 419, 415, 347, 300, 43, 743, 463, 435, 396, 366, 310, 280, 659, 769, 918, 859, 711, 456, 188, 19, 913, 846, 779, 275, 540, 137, 939, 394, 72, 483]
Cluster 21: [358, 292, 241, 115, 112, 833, 571, 422, 337, 185, 94, 87, 839, 702, 684, 596, 593, 502, 392, 328, 202, 817, 676, 616, 67, 569, 993, 207, 297, 695, 813, 822, 997, 989, 960, 923, 840, 837, 770, 650, 581, 438, 100, 654, 978, 895, 23, 93]
Cluster 22: [203, 131, 99, 73, 61, 531, 911, 876, 796, 793, 740, 719, 665, 645, 630, 624, 594, 568, 553, 526, 478, 418, 330, 262, 121, 95, 53, 315, 249, 626, 984, 994, 959, 947, 942, 940, 889, 869, 835, 824, 625, 552, 998, 988, 501, 363, 979, 987]
Cluster 23: [102, 379, 79, 403, 125, 681, 279, 180, 790, 532, 458, 620, 529, 309, 41, 286, 778, 845, 717, 68, 623, 427, 600, 486]
Cluster 24: [362, 352, 219, 704, 648, 570, 457, 455, 338, 319, 189, 70, 65, 765, 697, 586, 348, 213, 187, 772, 541, 514, 273, 128, 48, 622, 525, 446, 395, 34, 920, 652, 629, 996, 986, 924, 633, 453, 31, 805, 265, 917, 402, 900, 775, 539, 356, 737]
Cluster 25: [405, 597, 269, 248, 198, 657, 452, 372, 371, 206, 722, 412, 856, 308, 225, 130, 636, 524, 167, 973, 951, 854, 700, 618, 49, 635, 946, 492, 723, 221, 935, 426, 857, 329, 820, 507, 163, 792, 928, 746, 60]
Cluster 26: [90, 401, 120, 430, 235, 81, 609, 606, 217, 500, 710, 584, 321, 196, 38, 875, 838, 468, 239, 605, 561, 732, 267, 429, 750, 891, 788]
