1 	 1 	
1 	
962 	
29 	
30 	
517 	
820 	
543 	
711 	
729 	
657 	
513 	


2 	 1 	
55 	
968 	
303 	
798 	
780 	
58 	
845 	
222 	
153 	
242 	
518 	
456 	
279 	


3 	 1 	
808 	
471 	
846 	
409 	


4 	 1 	
834 	
749 	
22 	
692 	
75 	
43 	
614 	
138 	
646 	
472 	


5 	 1 	
880 	
956 	
546 	
879 	
560 	


6 	 1 	
916 	
3 	
977 	
566 	
981 	
98 	
861 	
652 	
645 	
904 	


7 	 1 	
943 	
930 	
156 	
580 	
853 	
60 	
903 	
466 	
267 	
371 	
583 	
425 	
314 	
445 	


8 	 1 	
2 	
935 	
464 	
342 	
856 	
676 	
818 	
281 	
374 	
590 	
338 	
688 	
424 	


9 	 1 	
125 	
72 	
778 	
375 	
104 	


10 	 1 	
450 	
200 	
21 	
984 	
35 	
53 	
719 	
297 	
693 	
414 	
586 	
193 	
236 	
507 	


11 	 1 	
457 	
791 	
258 	
525 	


12 	 1 	
479 	
975 	
28 	
703 	
998 	
83 	
579 	
799 	
390 	
607 	
829 	
115 	
175 	
230 	
439 	
185 	
446 	
275 	


13 	 1 	
828 	
900 	
280 	
102 	
109 	
966 	
179 	
191 	
807 	
216 	
320 	
357 	


14 	 1 	
738 	
9 	
964 	
288 	
47 	
591 	
978 	
559 	
359 	
268 	
142 	
863 	
601 	
220 	
732 	
553 	


15 	 1 	
821 	
827 	
890 	
536 	
260 	
500 	
128 	
596 	
594 	


16 	 1 	
886 	
420 	
976 	
178 	
767 	
950 	
146 	
465 	


17 	 1 	
914 	
730 	
212 	
832 	
613 	
823 	
713 	
635 	
685 	
760 	
999 	
172 	
251 	
247 	
523 	
667 	
378 	


18 	 1 	
928 	
859 	
951 	
636 	
41 	
848 	
918 	
660 	
896 	
540 	
54 	
508 	
706 	
740 	
931 	
395 	
460 	


19 	 1 	
982 	
5 	
654 	
979 	
36 	
973 	
286 	
204 	
93 	
712 	
148 	
796 	
158 	
207 	
168 	
208 	
334 	
413 	


20 	 1 	
4 	
438 	
986 	
659 	
708 	
939 	
663 	
913 	
919 	


21 	 1 	
365 	
724 	
567 	
82 	
997 	
407 	
771 	
383 	
238 	
180 	
376 	
389 	


22 	 1 	
442 	
317 	
23 	
679 	
668 	
983 	
49 	
327 	
155 	
539 	
572 	
201 	
731 	
239 	
311 	


23 	 1 	
608 	
88 	
734 	
775 	
451 	
758 	
960 	
604 	


24 	 1 	
598 	
73 	
90 	
587 	


25 	 1 	
720 	
946 	
467 	
257 	
80 	
289 	
752 	
417 	
920 	
189 	
203 	
349 	
340 	


26 	 1 	
873 	
797 	
91 	
768 	
103 	
552 	


27 	 1 	
892 	
940 	
917 	
753 	
416 	
441 	
702 	
921 	
655 	
211 	
382 	
615 	


28 	 1 	
971 	
883 	
700 	
272 	
485 	
79 	
836 	
495 	
487 	


29 	 1 	
6 	
933 	
31 	
616 	
689 	
48 	
716 	
938 	
474 	
67 	
361 	
754 	
234 	


30 	 1 	
26 	
934 	
299 	
695 	
602 	


31 	 1 	
154 	
19 	
944 	
875 	
57 	
945 	
250 	
265 	
481 	


32 	 1 	
196 	
911 	
440 	
858 	
86 	
993 	
520 	
184 	
515 	
232 	
277 	
325 	


33 	 1 	
745 	
25 	
909 	
348 	
717 	
480 	
221 	
285 	


34 	 1 	
839 	
972 	
27 	
710 	
259 	
294 	
387 	
766 	
781 	
415 	


35 	 1 	
8 	
1000 	
662 	
519 	
458 	
369 	
509 	
502 	
195 	
512 	
454 	
290 	
323 	


36 	 1 	
160 	
24 	
992 	
574 	
403 	
68 	
237 	
444 	
358 	
159 	
534 	


37 	 1 	
683 	
822 	
147 	
478 	
366 	


38 	 1 	
806 	
756 	
980 	
637 	
785 	
942 	
501 	
105 	
521 	
815 	
120 	
619 	
824 	
682 	
650 	
362 	


39 	 1 	
876 	
862 	
397 	
895 	
63 	
486 	
306 	
575 	


40 	 1 	
295 	
182 	
94 	
927 	
107 	
202 	
709 	


41 	 1 	
312 	
276 	
18 	
948 	
51 	
678 	
130 	
343 	
744 	
511 	
291 	


42 	 1 	
380 	
356 	
774 	
882 	
969 	
126 	
97 	
884 	
127 	
588 	
190 	
246 	
476 	


43 	 1 	
545 	
874 	
62 	
949 	
166 	
803 	
188 	
136 	
554 	
850 	
410 	
739 	
804 	
269 	
628 	


44 	 1 	
974 	
622 	
408 	
114 	
925 	
167 	
363 	
681 	
497 	
470 	
463 	
324 	


45 	 1 	
10 	
802 	
398 	
274 	
906 	
714 	
177 	
163 	
186 	


46 	 1 	
328 	
779 	
656 	
214 	
498 	
244 	
736 	


47 	 1 	
674 	
649 	
961 	
76 	
843 	
504 	
671 	
194 	
812 	
741 	
612 	
541 	


48 	 1 	
696 	
854 	
50 	
302 	
61 	
888 	
141 	
772 	


49 	 1 	
11 	
990 	
610 	
789 	
844 	
887 	
488 	
549 	


50 	 1 	
705 	
737 	
266 	
388 	
954 	
814 	
243 	
561 	


51 	 1 	
782 	
761 	
606 	
157 	
449 	
287 	
994 	
578 	
151 	


52 	 1 	
922 	
795 	
122 	
633 	
697 	
322 	


53 	 1 	
12 	
522 	
20 	
899 	


54 	 1 	
557 	
112 	
477 	
787 	


55 	 1 	
929 	
658 	
528 	
544 	
431 	


56 	 1 	
13 	
37 	
989 	
16 	
589 	
624 	
665 	
558 	
108 	
228 	
648 	
593 	
335 	
627 	


57 	 1 	
38 	
435 	
563 	
965 	
902 	
64 	
864 	
69 	
78 	
149 	
170 	
373 	


58 	 1 	
788 	
831 	
145 	
386 	
283 	
690 	


59 	 1 	
14 	
813 	
368 	
270 	
437 	
617 	
341 	


60 	 1 	
963 	
641 	
810 	
406 	
816 	


61 	 1 	
15 	
941 	
538 	
56 	
92 	
278 	
174 	
332 	
632 	


62 	 1 	
113 	
857 	
727 	
907 	
680 	
698 	
316 	
401 	


63 	 1 	
852 	
310 	
868 	
783 	
748 	
87 	
936 	
326 	
225 	


64 	 1 	
292 	
776 	
337 	
412 	
747 	
877 	
573 	
496 	
210 	
379 	
161 	
996 	
197 	
428 	
625 	


65 	 1 	
333 	
988 	
32 	
871 	
346 	
74 	
96 	
494 	
794 	
315 	
117 	
447 	
262 	
491 	
564 	
330 	


66 	 1 	
640 	
881 	
34 	
45 	
391 	
786 	
284 	


67 	 1 	
17 	
661 	
473 	
85 	
891 	


68 	 1 	
46 	
106 	
830 	
319 	
209 	
241 	


69 	 1 	
898 	
44 	
833 	
448 	
905 	
605 	
217 	


70 	 1 	
462 	
987 	
894 	
432 	
84 	
394 	
609 	
669 	
254 	


71 	 1 	
569 	
505 	
872 	


72 	 1 	
418 	
643 	
866 	
123 	
801 	
531 	
393 	


73 	 1 	
770 	
33 	
867 	
551 	
743 	
347 	
427 	
704 	
550 	
642 	


74 	 1 	
626 	
687 	
344 	
468 	
638 	
952 	
300 	
271 	
353 	


75 	 1 	
878 	
81 	
860 	
555 	


76 	 1 	
835 	
932 	
181 	
89 	
95 	
620 	
639 	
199 	
565 	
296 	
535 	


77 	 1 	
851 	
293 	
889 	
562 	
255 	


78 	 1 	
908 	
205 	
71 	
121 	


79 	 1 	
958 	
245 	
924 	
429 	
461 	
256 	
430 	


80 	 1 	
143 	
746 	
840 	
532 	
52 	
631 	
77 	
967 	
111 	
100 	
119 	


81 	 1 	
953 	
777 	
355 	
762 	
419 	
842 	
715 	


82 	 1 	
152 	
571 	
475 	
118 	
165 	
959 	
514 	
264 	
763 	
516 	


83 	 1 	
915 	
364 	
784 	
503 	
124 	
133 	
351 	
722 	
377 	


84 	 1 	
618 	
224 	
405 	
484 	
825 	
116 	
985 	
132 	
198 	
755 	
453 	


85 	 1 	
757 	
139 	
404 	


86 	 1 	
847 	
492 	
912 	
901 	
800 	
433 	
524 	


87 	 1 	
995 	
231 	
735 	
759 	
581 	
725 	
592 	
421 	
533 	
422 	


88 	 1 	
792 	
99 	
838 	
870 	


89 	 1 	
865 	
110 	
742 	
841 	
137 	
144 	
426 	


90 	 1 	
991 	
893 	
970 	
644 	
66 	
885 	
677 	
131 	
469 	
396 	
331 	
360 	
248 	
321 	


91 	 1 	
694 	
686 	
548 	


92 	 1 	
923 	
666 	
40 	
955 	
263 	
597 	
600 	
769 	


93 	 1 	
947 	
65 	
176 	
809 	
173 	
750 	
701 	


94 	 1 	
140 	
718 	
611 	


95 	 1 	
39 	
773 	
169 	
805 	


96 	 1 	
490 	
855 	
603 	
226 	


97 	 1 	
42 	
482 	
392 	
381 	


98 	 1 	
584 	
372 	
402 	
897 	
452 	
370 	
483 	


99 	 1 	
926 	
826 	
764 	
530 	
733 	
599 	
675 	
811 	
273 	
253 	
506 	
547 	


100 	 1 	
582 	
673 	
162 	
672 	


101 	 1 	
728 	
304 	
723 	


102 	 1 	
59 	
751 	
849 	
135 	
150 	
817 	


103 	 1 	
70 	
664 	
726 	


104 	 1 	
765 	
129 	
229 	
336 	
213 	


105 	 1 	
819 	
595 	
187 	
691 	
399 	


106 	 1 	
957 	
651 	
384 	
489 	
634 	


107 	 1 	
837 	
869 	
215 	
443 	
670 	
350 	


108 	 1 	
134 	
223 	
707 	
309 	
298 	


109 	 1 	
101 	
459 	
721 	
367 	
910 	
623 	


110 	 1 	
345 	
183 	
621 	


111 	 1 	
529 	
352 	
570 	


112 	 1 	
385 	
568 	
576 	


113 	 1 	
793 	
233 	
937 	
249 	


114 	 1 	
629 	
537 	
313 	


